0;1;2;3;4;5;6;7
2;8;9;10;11;12;13;14;15;16;17;18;19;20
11;21;22;23;24;25;26;27;28;29
23;30;31
31;32;33
33;34
35;35
34;36
25;37;38;39
38;40
41;41
40;42
29;43;44
44;45;46
13;47;48;49;50;51;52;53;54
49;55;56;57;58;59;60;61;62;63
57;64;65
65;66;67
67;68
69;69
68;70
59;71;72;73
72;74
75;75
74;76
63;77;78
78;79;80
51;81
82;82
83;83
84;84;85;86;87;88;89;90;91;92;93
85;94
86;95
87;96;97;98;99;100;101;102;103;104
88;105;106;107;108;109;110
89;111;112
90;113;114
91;115;116
92;117;118;119;120;121;122
93;123;124;125;126;127;128;129;130
94;131
53;132
133;133
134;134
135;135;136;137;138;139;140;141;142;143;144
136;145
137;146
138;147;148;149;150;151;152;153;154;155
139;156;157;158;159;160;161
140;162;163
141;164;165
142;166;167
143;168;169;170;171;172
144;173;174;175
145;176
15;177;178
178;179
180;180
181;181;182;183;184;185;186;187;188;189;190;191;192;193;194;195;196
182;197
183;198
184;199
185;200;201;202;203;204;205;206;207;208
186;209
187;210;211;212;213;214;215
188;216;217
189;218;219;220
190;221;222
191;223;224;225;226
225;227;228
192;229
193;230;231
194;232;233;234;235;236;237
195;238;239;240;241;242;243;244;245;246
196;247;248;249;250;251
197;252
179;253;254
16;255;256
256;257
258;258
259;259;260;261;262;263;264;265
260;266
261;267
262;268;269;270
263;271;272;273;274
273;275;276
264;277
265;278
266;279;280;281;282
257;283;284
4;285;286;287;288;289;290;291;292;293;294;295;296
287;297;298;299;300;301;302;303;304;305
299;306;307
307;308;309
309;310
311;311
310;312
301;313;314;315
314;316
317;317
315;318;319
316;320
305;321;322
322;323;324
289;325;326;327;328;329;330;331;332;333;334;335;336
326;337
327;338
339;339
340;340
341;341
342;342;343;344;345;346;347;348;349;350;351;352;353;354;355;356;357;358;359;360;361;362;363;364;365;366;367;368;369;370;371;372;373;374;375;376;377;378;379;380;381;382;383;384;385;386;387;388;389;390;391;392;393;394;395;396;397;398;399;400;401;402;403;404;405;406;407;408;409;410;411;412;413;414;415;416;417;418;419;420;421;422;423;424;425;426;427;428;429;430;431;432;433;434;435;436;437;438;439;440;441;442;443;444;445
360;446;447;448;449;450;451;452;453;454
438;455;456;457;458;459;460;461;462;463;464;465;466;467;468;469;470;471;472;473;474;475;476;477;478;479;480;481;482;483;484;485;486;487;488;489;490;491;492;493;494;495;496;497;498;499;500;501;502;503;504;505;506;507;508;509;510;511;512;513;514;515;516;517;518;519;520;521;522;523;524;525;526
329;527
528;528;529
529;530
531;531;532
530;533
534;534;535
330;536
331;537;538;539;540;541;542;543;544;545;546;547;548;549;550;551;552;553;554;555;556;557;558;559;560;561;562;563;564;565;566;567;568;569;570;571;572;573;574;575;576;577;578;579;580;581;582;583;584;585;586;587;588;589;590;591;592;593;594;595;596;597;598;599;600;601;602;603;604;605;606;607;608;609;610;611;612;613;614;615;616;617;618;619;620;621;622;623;624;625;626;627;628;629;630;631;632;633;634;635;636;637;638;639;640;641;642;643;644;645;646;647;648;649;650;651;652;653;654;655;656;657;658;659;660;661;662;663;664;665;666;667;668;669;670;671;672;673;674;675;676;677;678;679;680;681;682;683;684;685;686;687;688;689;690;691;692;693;694;695;696;697;698;699;700;701;702;703;704;705;706;707;708;709;710;711;712;713;714
335;715
336;716
717;717
718;718
719;719
720;720;721;722;723;724;725;726;727;728;729;730;731;732;733;734;735;736;737;738;739;740;741;742;743;744;745;746;747;748;749;750;751;752;753;754;755;756;757;758;759;760;761;762;763;764;765;766;767;768;769;770;771;772;773;774;775;776;777;778
732;779
777;780;781;782;783;784;785;786;787;788;789;790;791;792;793;794;795;796;797;798;799;800;801;802;803;804;805;806;807;808;809;810;811;812;813;814;815;816;817;818;819;820;821;822;823;824
337;825;826;827;828;829;830;831;832;833;834;835;836;837;838;839;840;841;842;843;844;845;846;847;848;849;850;851;852
291;853;854
854;855;856
856;857
858;858
859;859
860;860
861;861
862;862
857;863
864;864
865;865
866;866
867;867;868;869;870;871;872;873;874;875;876;877;878;879;880;881;882;883;884;885;886;887;888;889;890;891;892;893;894;895;896;897;898;899;900;901;902;903;904;905;906;907;908;909;910;911;912;913;914;915;916;917;918;919;920;921;922;923;924;925
883;926
923;927;928;929;930;931;932;933;934;935;936;937;938;939;940;941;942;943;944;945;946;947;948;949;950;951;952;953;954;955;956;957;958;959;960;961;962;963;964;965;966;967;968;969;970;971
855;972
973;973
974;974
975;975
976;976
977;977;978;979;980;981;982;983;984;985;986;987;988;989;990;991;992;993;994;995;996;997;998;999;1000;1001;1002;1003;1004;1005;1006;1007;1008;1009;1010;1011;1012;1013;1014;1015;1016;1017;1018;1019;1020;1021;1022;1023;1024;1025;1026;1027;1028;1029;1030;1031;1032;1033;1034;1035;1036;1037;1038;1039;1040;1041;1042;1043;1044;1045;1046;1047;1048;1049;1050;1051;1052;1053;1054;1055;1056;1057
991;1058;1059;1060;1061;1062;1063;1064
1055;1065;1066;1067;1068;1069;1070;1071;1072;1073;1074;1075;1076;1077;1078;1079;1080;1081;1082;1083;1084;1085;1086;1087;1088;1089;1090;1091;1092;1093;1094;1095;1096;1097;1098;1099;1100;1101;1102;1103
5;1104;1105;1106;1107;1108;1109;1110;1111;1112;1113;1114;1115;1116;1117;1118;1119;1120;1121;1122;1123
1107;1124;1125;1126;1127;1128;1129;1130;1131;1132;1133
1126;1134;1135
1135;1136;1137;1138
1137;1139
1140;1140
1139;1141
1128;1142;1143;1144;1145
1143;1146
1147;1147
1146;1148
1132;1149;1150;1151;1152;1153;1154;1155;1156;1157;1158;1159;1160;1161;1162;1163;1164;1165;1166;1167;1168;1169;1170;1171;1172;1173;1174;1175;1176;1177;1178;1179;1180;1181;1182;1183;1184;1185;1186;1187;1188;1189;1190;1191;1192;1193;1194;1195;1196;1197;1198;1199;1200;1201;1202;1203;1204;1205;1206;1207;1208;1209;1210;1211;1212;1213;1214;1215;1216;1217;1218;1219;1220;1221;1222;1223;1224;1225;1226;1227;1228;1229;1230;1231;1232;1233;1234;1235;1236;1237;1238;1239;1240;1241;1242;1243;1244;1245;1246;1247;1248;1249;1250;1251;1252;1253;1254;1255;1256;1257;1258;1259;1260;1261;1262;1263;1264;1265;1266;1267;1268;1269
1150;1270
1151;1271
1152;1272;1273
1153;1274
1154;1275
1155;1276;1277
1156;1278;1279;1280
1157;1281
1158;1282
1159;1283
1160;1284;1285;1286;1287;1288;1289;1290;1291;1292;1293;1294;1295;1296;1297
1161;1298
1162;1299
1163;1300;1301;1302
1164;1303
1165;1304;1305
1166;1306
1167;1307
1168;1308;1309;1310
1169;1311
1170;1312
1171;1313;1314
1172;1315
1173;1316
1174;1317
1175;1318
1176;1319
1177;1320
1178;1321
1179;1322;1323
1180;1324
1181;1325;1326
1182;1327
1183;1328
1184;1329
1185;1330;1331
1186;1332
1187;1333
1188;1334
1189;1335
1190;1336
1191;1337
1192;1338
1193;1339;1340
1194;1341
1195;1342
1196;1343
1197;1344
1198;1345;1346
1199;1347
1200;1348
1201;1349
1202;1350;1351
1203;1352
1204;1353
1205;1354;1355;1356
1206;1357;1358
1207;1359
1208;1360
1209;1361
1210;1362;1363
1211;1364
1212;1365;1366;1367
1213;1368
1214;1369;1370
1215;1371
1216;1372;1373;1374;1375
1217;1376
1218;1377
1219;1378;1379
1220;1380;1381
1221;1382;1383
1222;1384;1385
1223;1386
1224;1387
1225;1388
1226;1389
1227;1390;1391
1228;1392
1229;1393
1230;1394
1231;1395
1233;1396;1397
1234;1398
1235;1399
1236;1400
1237;1401
1238;1402
1239;1403;1404
1240;1405
1241;1406
1242;1407
1243;1408
1244;1409;1410
1245;1411;1412
1246;1413
1247;1414
1248;1415
1249;1416
1250;1417
1251;1418
1252;1419
1253;1420
1254;1421
1255;1422;1423
1256;1424
1257;1425
1258;1426
1259;1427
1260;1428;1429
1261;1430;1431
1262;1432
1263;1433
1264;1434;1435;1436
1265;1437;1438
1266;1439
1267;1440
1268;1441;1442;1443
1269;1444
1270;1445
1114;1446;1447;1448;1449
1447;1450
1448;1451;1452;1453;1454
1449;1455;1456;1457;1458
1450;1459;1460;1461;1462;1463;1464;1465;1466;1467;1468;1469;1470;1471;1472
1115;1473;1474;1475;1476
1474;1477
1475;1478;1479;1480;1481
1476;1482;1483;1484
1477;1485;1486;1487;1488;1489;1490;1491
1118;1492
1124;1493;1494;1495;1496;1497;1498;1499;1500;1501;1502;1503;1504;1505;1506;1507;1508;1509;1510;1511;1512;1513;1514;1515;1516;1517
6;1518;1519;1520;1521;1522;1523;1524;1525;1526;1527
1520;1528;1529;1530;1531;1532;1533;1534;1535;1536
1530;1537;1538
1538;1539;1540
1540;1541
1542;1542
1541;1543
1532;1544;1545;1546
1545;1547
1548;1548
1546;1549
1547;1550
1536;1551;1552
1552;1553;1554
1521;1555
1556;1556
1557;1557
1558;1558;1559;1560;1561;1562;1563;1564;1565
1560;1566;1567;1568;1569;1570;1571;1572;1573;1574;1575;1576
1564;1577;1578;1579;1580
1565;1581;1582;1583;1584;1585;1586;1587;1588
1566;1589
1524;1590;1591;1592;1593;1594;1595;1596;1597;1598
7;1599;1600;1601;1602;1603;1604;1605;1606;1607;1608;1609
1601;1610;1611;1612;1613;1614;1615;1616;1617;1618
1612;1619;1620
1620;1621;1622
1622;1623
1624;1624
1623;1625;1626
1614;1627;1628;1629
1628;1630
1631;1631
1630;1632;1633
1618;1634;1635
1635;1636;1637
1605;1638;1639;1640;1641;1642;1643;1644;1645;1646;1647;1648;1649;1650;1651;1652;1653;1654;1655
1606;1656
1657;1657;1658
1658;1659
1660;1660;1661;1662;1663;1664;1665;1666;1667;1668;1669
1661;1670
1662;1671
1663;1672;1673;1674;1675;1676;1677;1678;1679;1680
1664;1681;1682;1683;1684;1685;1686
1665;1687;1688
1666;1689;1690
1667;1691;1692
1668;1693;1694;1695;1696;1697;1698
1669;1699;1700;1701;1702;1703;1704;1705;1706
1670;1707
1608;1708
1709;1709;1710
1711;1711
1712;1712;1713;1714;1715;1716;1717;1718;1719;1720;1721
1713;1722
1714;1723
1715;1724;1725;1726;1727;1728;1729;1730;1731;1732
1716;1733;1734;1735;1736;1737;1738
1717;1739;1740
1718;1741;1742
1719;1743;1744
1720;1745;1746;1747;1748;1749
1721;1750;1751;1752
1722;1753
8;1754;1755
1755;1756;1757;1758;1759;1760;1761;1762;1763;1764;1765
1758;1766;1767
1767;1768;1769
1769;1770
1771;1771
1770;1772
1760;1773;1774;1775
1774;1776
1777;1777
1776;1778
1764;1779;1780;1781;1782;1783;1784;1785;1786;1787;1788;1789;1790;1791;1792;1793;1794;1795;1796;1797;1798;1799;1800;1801;1802;1803;1804;1805;1806;1807;1808;1809;1810;1811;1812;1813;1814;1815;1816;1817;1818;1819;1820;1821;1822;1823;1824;1825;1826;1827;1828;1829;1830;1831;1832;1833;1834;1835;1836;1837;1838;1839;1840;1841;1842;1843;1844;1845;1846;1847;1848;1849;1850;1851;1852;1853;1854;1855;1856;1857;1858;1859;1860;1861;1862;1863;1864;1865;1866;1867;1868;1869;1870;1871;1872;1873;1874;1875;1876;1877;1878;1879;1880;1881;1882;1883;1884;1885;1886;1887;1888;1889;1890;1891;1892;1893;1894;1895;1896;1897;1898;1899;1900;1901;1902;1903;1904;1905;1906;1907;1908;1909;1910;1911;1912;1913;1914;1915;1916;1917;1918;1919;1920;1921;1922;1923;1924;1925;1926;1927;1928;1929;1930;1931;1932;1933;1934;1935
1780;1936;1937
1781;1938
1782;1939
1783;1940
1784;1941
1785;1942
1786;1943;1944
1787;1945
1788;1946
1789;1947
1790;1948;1949;1950
1791;1951
1792;1952;1953;1954
1793;1955
1794;1956;1957;1958;1959;1960;1961;1962;1963;1964;1965;1966;1967;1968;1969;1970;1971;1972;1973;1974;1975;1976;1977;1978;1979;1980;1981;1982;1983;1984;1985
1795;1986;1987
1796;1988;1989
1797;1990;1991;1992;1993;1994
1798;1995
1799;1996;1997
1800;1998
1801;1999
1802;2000;2001
1803;2002;2003;2004
1804;2005
1805;2006;2007
1806;2008
1807;2009
1808;2010
1809;2011
1810;2012
1811;2013;2014
1812;2015
1813;2016
1814;2017;2018;2019
1815;2020;2021
1816;2022
1817;2023;2024
1818;2025;2026
1819;2027
1820;2028
1821;2029
1822;2030;2031
1823;2032;2033;2034
1824;2035
1825;2036
1826;2037
1827;2038
1828;2039
1829;2040;2041
1830;2042;2043
1831;2044
1832;2045;2046
1833;2047;2048;2049;2050
1834;2051
1835;2052
1836;2053
1837;2054;2055;2056;2057;2058
1838;2059
1839;2060
1840;2061;2062;2063
1841;2064;2065
1842;2066
1843;2067
1844;2068;2069
1845;2070
1846;2071
1847;2072
1848;2073;2074
1849;2075;2076
1850;2077;2078
1851;2079
1852;2080
1853;2081
1854;2082
1855;2083;2084
1856;2085;2086
1857;2087
1858;2088
1859;2089
1860;2090
1861;2091
1862;2092
1863;2093;2094
1864;2095
1865;2096
1866;2097;2098
1867;2099
1868;2100;2101;2102;2103
1869;2104
1870;2105
1871;2106;2107;2108
1872;2109
1873;2110;2111
1874;2112
1875;2113;2114
1876;2115
1877;2116
1878;2117;2118;2119
1879;2120;2121;2122
1880;2123
1881;2124
1882;2125
1883;2126;2127
1884;2128;2129
1885;2130;2131
1886;2132;2133
1887;2134
1888;2135
1889;2136
1890;2137;2138
1891;2139
1893;2140;2141
1894;2142;2143
1895;2144;2145;2146
1896;2147
1897;2148
1898;2149;2150;2151
1899;2152;2153;2154
1900;2155;2156
1901;2157;2158;2159;2160
1902;2161
1903;2162
1904;2163;2164
1905;2165;2166
1906;2167
1907;2168
1908;2169
1909;2170
1910;2171
1911;2172;2173;2174
1912;2175
1913;2176;2177
1914;2178
1915;2179;2180
1916;2181;2182
1917;2183
1918;2184
1919;2185;2186
1920;2187
1921;2188;2189
1922;2190;2191;2192;2193
1923;2194;2195
1924;2196;2197
1925;2198;2199;2200
1926;2201
1927;2202
1928;2203
1929;2204
1930;2205;2206
1931;2207;2208;2209
1932;2210
1933;2211
1934;2212
1935;2213;2214
1936;2215;2216;2217
1756;2218;2219;2220;2221;2222;2223;2224;2225;2226;2227;2228;2229
2220;2230
2222;2231
2232;2232;2233;2234
2233;2235
2236;2236;2237;2238;2239;2240
2237;2241;2242
2238;2243;2244
2239;2245;2246;2247;2248
2240;2249;2250
2241;2251;2252;2253
2234;2254;2255;2256;2257;2258;2259
2255;2260;2261;2262;2263;2264;2265
2266;2266;2267
2256;2268;2269;2270;2271
2269;2272;2273;2274;2275;2276
2270;2277;2278;2279;2280;2281;2282;2283;2284;2285
2271;2286;2287;2288;2289;2290;2291;2292;2293;2294;2295;2296;2297;2298;2299;2300
2272;2301;2302;2303;2304;2305;2306;2307
2306;2308;2309;2310
2311;2311;2312;2313;2314;2315;2316;2317;2318;2319;2320;2321;2322;2323;2324;2325;2326;2327
2258;2328
2235;2329;2330;2331;2332;2333;2334;2335;2336;2337;2338
2225;2339;2340;2341;2342;2343;2344
2227;2345
2346;2346
2347;2347;2348;2349;2350;2351;2352
2230;2353;2354;2355
2354;2356;2357;2358;2359;2360;2361;2362;2363;2364;2365;2366;2367;2368
2362;2369;2370;2371;2372
